[Intrinsics]

f=1229.74
mx=1
my=1.00695

cx=958.638
cy=608.242


[Distortion=pinhole]

k1=-0.357855
k2=0.168493
k3=-0.044351
p1=0.000803859
p2=-0.00118815

