[Intrinsics]

f=1306.9
mx=1
my=1.00632

cx=979.777
cy=602.013


[Distortion=pinhole]

k1=-0.342944
k2=0.151555
k3=-0.0364068
p1=0.0027106
p2=-0.000412223

