[Intrinsics]

f=2828.26
mx=1
my=1.00575

cx=972.565
cy=663.225


[Distortion=pinhole]

k1=-0.290624
k2=-0.266212
k3=1.39733
p1=-0.00256938
p2=0.00281078

