[Intrinsics]

f=2600.69
mx=1
my=1.00512

cx=977.591
cy=633.855


[Distortion=pinhole]

k1=-0.329529
k2=0.0357678
k3=0.768955
p1=-0.00158048
p2=0.0023238

